0 72 139 174 163 150 200 107 100 104 146 128 147 153 31 182 95 196 18 179 98 13 194 133 115 134 102 51 23 85 75 5 66 44 74 80 60 63 80 150 68 6 42 79 44 34 86 7
72 0 105 129 167 86 147 158 52 40 116 146 69 34 128 111 166 12 173 25 53 49 203 51 8 173 21 187 192 18 175 92 200 108 166 143 147 140 191 117 54 154 191 25 17 55 17 12
139 105 0 83 69 32 32 97 131 99 58 134 53 28 142 78 41 142 105 201 88 14 14 167 74 97 91 86 110 32 40 65 130 165 101 28 67 164 103 151 86 101 95 7 93 203 141 103
174 129 83 0 110 166 41 187 176 108 73 183 51 89 143 191 160 62 196 26 12 194 162 91 66 30 110 149 163 7 38 131 69 162 27 147 16 197 175 83 193 189 55 128 87 114 35 35
163 167 69 110 0 96 196 26 143 16 152 121 10 159 123 26 172 92 167 153 26 107 77 80 93 160 93 201 196 104 116 15 65 129 22 159 82 10 92 174 147 120 67 36 159 98 119 97
150 86 32 166 96 0 9 121 74 127 49 40 95 161 87 150 60 158 60 204 115 200 27 38 6 39 87 27 7 132 165 162 7 82 117 116 29 69 52 67 13 169 39 174 90 91 14 5
200 147 32 41 196 9 0 123 117 138 67 195 134 45 134 129 179 188 15 73 22 90 143 74 194 154 60 134 30 30 101 175 121 113 122 146 83 186 9 124 65 147 98 83 115 85 89 83
107 158 97 187 26 121 123 0 72 78 162 47 175 171 146 77 36 150 164 89 18 98 97 147 60 46 139 166 82 148 72 120 35 118 101 180 157 108 108 190 26 80 158 64 89 121 161 204
100 52 131 176 143 74 117 72 0 69 42 93 155 181 38 75 57 114 29 86 119 148 43 49 28 117 119 140 19 129 90 181 131 92 190 64 48 34 26 94 163 118 21 13 179 54 95 157
104 40 99 108 16 127 138 78 69 0 64 111 11 136 120 34 155 14 142 139 114 128 184 21 7 150 106 55 119 28 155 32 16 6 46 30 101 180 68 149 159 147 57 24 185 72 98 53
146 116 58 73 152 49 67 162 42 64 0 45 106 113 44 182 155 163 153 58 21 192 195 86 190 65 121 178 29 177 145 48 176 55 28 26 78 13 111 70 93 201 13 176 20 133 201 87
128 146 134 183 121 40 195 47 93 111 45 0 198 149 63 178 146 26 88 204 140 119 62 203 187 123 76 71 139 66 99 163 16 65 134 75 45 97 168 145 151 153 67 8 156 84 157 145
147 69 53 51 10 95 134 175 155 11 106 198 0 44 109 102 129 193 200 23 56 108 163 127 90 158 191 49 79 186 100 169 152 33 34 31 118 202 15 50 95 77 38 150 146 69 59 120
153 34 28 89 159 161 45 171 181 136 113 149 44 0 135 117 171 27 46 143 5 53 196 56 93 144 68 64 177 8 29 114 158 198 170 139 80 154 176 113 154 31 59 186 120 26 150 180
31 128 142 143 123 87 134 146 38 120 44 63 109 135 0 191 35 151 7 105 54 5 20 26 31 28 118 97 164 37 24 87 125 189 164 10 77 161 94 123 48 11 108 109 84 10 113 167
182 111 78 191 26 150 129 77 75 34 182 178 102 117 191 0 112 111 155 193 124 63 93 104 22 84 160 44 38 110 130 91 195 10 137 188 23 166 45 75 35 178 39 197 115 31 53 172
95 166 41 160 172 60 179 36 57 155 155 146 129 171 35 112 0 35 96 132 161 23 161 162 162 201 190 58 75 198 181 170 129 145 101 55 15 32 169 6 25 34 108 90 103 21 96 141
196 12 142 62 92 158 188 150 114 14 163 26 193 27 151 111 35 0 41 72 203 185 116 81 37 92 58 29 92 130 99 92 193 116 60 203 22 72 147 128 153 9 61 118 78 121 117 202
18 173 105 196 167 60 15 164 29 142 153 88 200 46 7 155 96 41 0 133 108 201 7 97 137 134 117 159 102 36 63 182 168 109 58 84 137 146 24 137 72 110 153 103 193 131 136 23
179 25 201 26 153 204 73 89 86 139 58 204 23 143 105 193 132 72 133 0 29 203 39 194 174 154 13 115 123 97 107 79 145 40 167 106 117 134 118 77 141 31 129 194 182 71 119 102
98 53 88 12 26 115 22 18 119 114 21 140 56 5 54 124 161 203 108 29 0 86 77 80 159 42 37 150 182 147 176 30 56 161 189 198 100 45 196 157 188 17 122 127 137 92 44 33
13 49 14 194 107 200 90 98 148 128 192 119 108 53 5 63 23 185 201 203 86 0 60 117 126 71 150 54 178 27 71 32 67 77 139 139 174 18 109 92 40 180 18 143 161 86 163 56
194 203 14 162 77 27 143 97 43 184 195 62 163 196 20 93 161 116 7 39 77 60 0 5 194 154 118 191 75 91 83 34 34 155 59 42 36 179 23 175 31 98 114 42 94 169 127 21
133 51 167 91 80 38 74 147 49 21 86 203 127 56 26 104 162 81 97 194 80 117 5 0 181 198 161 118 168 69 198 133 105 28 177 139 45 6 37 168 190 170 33 15 118 145 109 35
115 8 74 66 93 6 194 60 28 7 190 187 90 93 31 22 162 37 137 174 159 126 194 181 0 200 126 79 73 105 56 28 118 90 62 161 93 82 155 106 43 41 5 66 13 91 200 54
134 173 97 30 160 39 154 46 117 150 65 123 158 144 28 84 201 92 134 154 42 71 154 198 200 0 163 27 197 192 89 125 163 161 174 198 90 20 10 108 58 141 85 39 146 26 57 130
102 21 91 110 93 87 60 139 119 106 121 76 191 68 118 160 190 58 117 13 37 150 118 161 126 163 0 173 190 165 23 107 183 21 137 181 95 88 180 28 34 146 123 113 195 67 74 63
51 187 86 149 201 27 134 166 140 55 178 71 49 64 97 44 58 29 159 115 150 54 191 118 79 27 173 0 107 18 69 167 170 31 168 110 102 18 144 132 29 19 63 166 128 126 84 34
23 192 110 163 196 7 30 82 19 119 29 139 79 177 164 38 75 92 102 123 182 178 75 168 73 197 190 107 0 179 124 128 12 162 12 167 194 197 108 5 153 199 55 164 168 69 43 125
85 18 32 7 104 132 30 148 129 28 177 66 186 8 37 110 198 130 36 97 147 27 91 69 105 192 165 18 179 0 157 201 82 131 88 153 195 29 27 174 128 61 160 98 33 114 28 145
75 175 40 38 116 165 101 72 90 155 145 99 100 29 24 130 181 99 63 107 176 71 83 198 56 89 23 69 124 157 0 142 5 162 116 86 150 6 103 20 164 57 166 120 189 20 123 165
5 92 65 131 15 162 175 120 181 32 48 163 169 114 87 91 170 92 182 79 30 32 34 133 28 125 107 167 128 201 142 0 63 142 40 105 158 197 52 170 62 141 69 74 183 107 71 152
66 200 130 69 65 7 121 35 131 16 176 16 152 158 125 195 129 193 168 145 56 67 34 105 118 163 183 170 12 82 5 63 0 76 72 18 119 164 189 33 171 43 108 142 5 78 64 167
44 108 165 162 129 82 113 118 92 6 55 65 33 198 189 10 145 116 109 40 161 77 155 28 90 161 21 31 162 131 162 142 76 0 53 46 56 75 53 148 149 87 81 74 76 129 103 60
74 166 101 27 22 117 122 101 190 46 28 134 34 170 164 137 101 60 58 167 189 139 59 177 62 174 137 168 12 88 116 40 72 53 0 60 145 33 176 152 160 160 48 63 90 146 91 80
80 143 28 147 159 116 146 180 64 30 26 75 31 139 10 188 55 203 84 106 198 139 42 139 161 198 181 110 167 153 86 105 18 46 60 0 49 32 69 93 123 20 114 105 179 150 201 197
60 147 67 16 82 29 83 157 48 101 78 45 118 80 77 23 15 22 137 117 100 174 36 45 93 90 95 102 194 195 150 158 119 56 145 49 0 89 118 148 131 136 107 176 76 167 67 166
63 140 164 197 10 69 186 108 34 180 13 97 202 154 161 166 32 72 146 134 45 18 179 6 82 20 88 18 197 29 6 197 164 75 33 32 89 0 80 42 16 35 166 69 138 28 38 159
80 191 103 175 92 52 9 108 26 68 111 168 15 176 94 45 169 147 24 118 196 109 23 37 155 10 180 144 108 27 103 52 189 53 176 69 118 80 0 14 30 46 94 122 72 136 163 203
150 117 151 83 174 67 124 190 94 149 70 145 50 113 123 75 6 128 137 77 157 92 175 168 106 108 28 132 5 174 20 170 33 148 152 93 148 42 14 0 160 30 153 20 158 11 27 151
68 54 86 193 147 13 65 26 163 159 93 151 95 154 48 35 25 153 72 141 188 40 31 190 43 58 34 29 153 128 164 62 171 149 160 123 131 16 30 160 0 16 87 160 100 73 151 119
6 154 101 189 120 169 147 80 118 147 201 153 77 31 11 178 34 9 110 31 17 180 98 170 41 141 146 19 199 61 57 141 43 87 160 20 136 35 46 30 16 0 58 20 173 123 197 151
42 191 95 55 67 39 98 158 21 57 13 67 38 59 108 39 108 61 153 129 122 18 114 33 5 85 123 63 55 160 166 69 108 81 48 114 107 166 94 153 87 58 0 135 30 7 42 193
79 25 7 128 36 174 83 64 13 24 176 8 150 186 109 197 90 118 103 194 127 143 42 15 66 39 113 166 164 98 120 74 142 74 63 105 176 69 122 20 160 20 135 0 81 112 130 174
44 17 93 87 159 90 115 89 179 185 20 156 146 120 84 115 103 78 193 182 137 161 94 118 13 146 195 128 168 33 189 183 5 76 90 179 76 138 72 158 100 173 30 81 0 112 52 43
34 55 203 114 98 91 85 121 54 72 133 84 69 26 10 31 21 121 131 71 92 86 169 145 91 26 67 126 69 114 20 107 78 129 146 150 167 28 136 11 73 123 7 112 112 0 63 68
86 17 141 35 119 14 89 161 95 98 201 157 59 150 113 53 96 117 136 119 44 163 127 109 200 57 74 84 43 28 123 71 64 103 91 201 67 38 163 27 151 197 42 130 52 63 0 80
7 12 103 35 97 5 83 204 157 53 87 145 120 180 167 172 141 202 23 102 33 56 21 35 54 130 63 34 125 145 165 152 167 60 80 197 166 159 203 151 119 151 193 174 43 68 80 0